0.40540540540540543
0.9459459459459459
0.3783783783783784
0.43243243243243246
0.02702702702702703
0.24324324324324326
0.4594594594594595
0.4594594594594595
0.0
0.8918918918918919
0.8378378378378378
0.16216216216216217
0.4594594594594595
0.8378378378378378
0.2702702702702703
0.32432432432432434
0.4864864864864865
0.05405405405405406
0.2702702702702703
0.02702702702702703
0.08108108108108109
0.40540540540540543
0.6756756756756757
0.6216216216216216
0.8918918918918919
0.32432432432432434
0.35135135135135137
0.40540540540540543
0.8918918918918919
0.4864864864864865
0.9459459459459459
0.8648648648648649
0.02702702702702703
0.2972972972972973
0.5675675675675675
0.32432432432432434
0.13513513513513514
0.2702702702702703
0.08108108108108109
0.32432432432432434
0.05405405405405406
0.0
0.8108108108108109
0.5135135135135135
0.2972972972972973
0.0
0.05405405405405406
0.02702702702702703
0.0
0.4594594594594595
0.9459459459459459
0.43243243243243246
0.8378378378378378
0.1891891891891892
0.8918918918918919
0.02702702702702703
0.24324324324324326
0.35135135135135137
0.35135135135135137
0.2972972972972973
0.2972972972972973
0.2702702702702703
0.24324324324324326
0.2972972972972973
0.9459459459459459
0.2972972972972973
0.0
0.08108108108108109
0.7297297297297297
0.02702702702702703
0.6756756756756757
0.918918918918919
0.4594594594594595
0.2702702702702703
0.5135135135135135
0.05405405405405406
0.08108108108108109
0.35135135135135137
0.02702702702702703
0.02702702702702703
0.2972972972972973
0.6216216216216216
0.2702702702702703
0.4594594594594595
0.10810810810810811
0.6216216216216216
0.0
0.02702702702702703
0.35135135135135137
0.43243243243243246
0.21621621621621623
0.2972972972972973
0.2972972972972973
0.21621621621621623
0.5405405405405406
0.08108108108108109
0.05405405405405406
0.0
0.05405405405405406
0.4594594594594595
0.2702702702702703
0.0
0.40540540540540543
0.6486486486486487
0.0
0.0
1.0
0.02702702702702703
0.16216216216216217
0.7567567567567568
0.32432432432432434
0.13513513513513514
0.6216216216216216
0.02702702702702703
0.08108108108108109
0.43243243243243246
0.24324324324324326
0.2972972972972973
0.5135135135135135
0.5945945945945946
0.1891891891891892
0.13513513513513514
0.2702702702702703
0.21621621621621623
0.43243243243243246
0.8918918918918919
0.4594594594594595
0.5405405405405406
0.16216216216216217
0.7297297297297297
0.35135135135135137
0.0
0.0
0.2972972972972973
0.24324324324324326
0.8378378378378378
0.7297297297297297
0.43243243243243246
0.3783783783783784
0.16216216216216217
0.21621621621621623
0.24324324324324326
0.16216216216216217
0.43243243243243246
0.08108108108108109
0.0
0.5135135135135135
0.13513513513513514
0.2702702702702703
0.43243243243243246
0.02702702702702703
0.2702702702702703
0.6756756756756757
0.4594594594594595
0.2702702702702703
0.3783783783783784
0.32432432432432434
0.10810810810810811
0.2702702702702703
0.24324324324324326
0.05405405405405406
0.918918918918919
0.0
0.32432432432432434
0.4594594594594595
0.3783783783783784
0.43243243243243246
0.6756756756756757
0.8648648648648649
0.32432432432432434
0.0
0.21621621621621623
0.2702702702702703
0.16216216216216217
0.02702702702702703
0.2702702702702703
0.3783783783783784
0.08108108108108109
0.02702702702702703
0.02702702702702703
0.40540540540540543
0.2702702702702703
0.32432432432432434
0.0
0.05405405405405406
0.35135135135135137
0.1891891891891892
0.0
0.35135135135135137
0.2972972972972973
0.24324324324324326
0.05405405405405406
0.13513513513513514
0.2972972972972973
0.8918918918918919
0.32432432432432434
0.2972972972972973
0.02702702702702703
0.8918918918918919
0.13513513513513514
0.8648648648648649
0.8648648648648649
0.0
0.24324324324324326
0.35135135135135137
0.4594594594594595
0.6216216216216216
0.32432432432432434
0.8918918918918919
0.32432432432432434
0.8918918918918919
0.05405405405405406
0.0
0.24324324324324326
0.5135135135135135
0.1891891891891892
0.2702702702702703
0.32432432432432434
0.8918918918918919
0.3783783783783784
0.7837837837837838
0.0
0.02702702702702703
0.1891891891891892
0.32432432432432434
0.8108108108108109
0.5135135135135135
0.5405405405405406
0.32432432432432434
0.08108108108108109
0.0
0.16216216216216217
0.9459459459459459
0.0
0.6486486486486487
0.2972972972972973
0.5405405405405406
0.8918918918918919
0.4594594594594595
0.8648648648648649
0.0
0.5405405405405406
0.8918918918918919
0.9459459459459459
0.6216216216216216
0.02702702702702703
0.9459459459459459
0.21621621621621623
0.4864864864864865
0.8378378378378378
0.0
0.40540540540540543
0.05405405405405406
0.6486486486486487
0.7297297297297297
0.21621621621621623
0.02702702702702703
0.32432432432432434
0.8918918918918919
0.5135135135135135
0.2702702702702703
0.21621621621621623
0.2972972972972973
0.35135135135135137
0.02702702702702703
0.21621621621621623
0.4864864864864865
0.05405405405405406
0.8918918918918919
0.6216216216216216
0.2702702702702703
0.16216216216216217
0.08108108108108109
0.10810810810810811
0.9459459459459459
0.0
0.35135135135135137
0.05405405405405406
0.13513513513513514
0.02702702702702703
0.43243243243243246
0.02702702702702703
0.13513513513513514
0.2972972972972973
0.40540540540540543
0.35135135135135137
0.13513513513513514
0.0
0.10810810810810811
0.02702702702702703
0.08108108108108109
0.21621621621621623
0.13513513513513514
0.2702702702702703
0.02702702702702703
0.6756756756756757
0.35135135135135137
0.24324324324324326
0.08108108108108109
0.8108108108108109
0.0
0.32432432432432434
0.05405405405405406
0.7027027027027027
0.08108108108108109
0.32432432432432434
0.8378378378378378
0.0
0.6486486486486487
0.6486486486486487
0.40540540540540543
0.0
0.4594594594594595
0.05405405405405406
0.0
0.6756756756756757
0.21621621621621623
0.3783783783783784
0.2972972972972973
0.0
0.02702702702702703
0.8378378378378378
0.21621621621621623
0.2972972972972973
0.5945945945945946
0.02702702702702703
0.08108108108108109
0.0
0.4864864864864865
0.4864864864864865
0.2972972972972973
0.0
0.6756756756756757
0.35135135135135137
0.05405405405405406
0.02702702702702703
0.05405405405405406
0.5135135135135135
0.43243243243243246
0.2702702702702703
0.21621621621621623
0.8918918918918919
0.3783783783783784
0.0
0.24324324324324326
0.1891891891891892
0.0
0.32432432432432434
0.2972972972972973
0.8378378378378378
0.05405405405405406
0.32432432432432434
0.02702702702702703
0.8648648648648649
0.35135135135135137
0.32432432432432434
0.35135135135135137
0.9459459459459459
0.4594594594594595
0.0
0.8648648648648649
0.13513513513513514
0.10810810810810811
0.35135135135135137
0.05405405405405406
0.0
0.40540540540540543
0.21621621621621623
0.5405405405405406
0.8648648648648649
0.10810810810810811
0.05405405405405406
0.0
0.10810810810810811
0.4864864864864865
0.32432432432432434
0.35135135135135137
0.2972972972972973
0.7297297297297297
0.2972972972972973
0.35135135135135137
0.7027027027027027
0.8648648648648649
0.3783783783783784
0.2972972972972973
0.2702702702702703
0.4594594594594595
0.918918918918919
0.7297297297297297
0.16216216216216217
0.9459459459459459
0.05405405405405406
0.8918918918918919
0.0
0.02702702702702703
0.5675675675675675
0.8648648648648649
0.5405405405405406
0.35135135135135137
0.10810810810810811
0.43243243243243246
0.0
0.1891891891891892
0.21621621621621623
0.05405405405405406
0.918918918918919
0.5405405405405406
0.5135135135135135
0.05405405405405406
0.43243243243243246
0.43243243243243246
0.35135135135135137
0.02702702702702703
0.43243243243243246
0.0
0.0
0.8918918918918919
0.40540540540540543
0.02702702702702703
0.35135135135135137
0.02702702702702703
0.8648648648648649
0.3783783783783784
0.6216216216216216
0.0
0.7297297297297297
0.24324324324324326
0.02702702702702703
0.02702702702702703
0.10810810810810811
0.1891891891891892
0.5405405405405406
0.08108108108108109
0.2702702702702703
0.02702702702702703
0.35135135135135137
0.3783783783783784
0.7297297297297297
0.40540540540540543
0.05405405405405406
0.08108108108108109
0.3783783783783784
0.8378378378378378
0.35135135135135137
0.0
0.8648648648648649
0.0
0.8648648648648649
0.2972972972972973
0.24324324324324326
0.35135135135135137
0.7567567567567568
0.8648648648648649
0.24324324324324326
0.02702702702702703
0.08108108108108109
0.4594594594594595
0.24324324324324326
0.24324324324324326
0.0
0.3783783783783784
0.02702702702702703
0.0
0.02702702702702703
0.0
0.24324324324324326
0.02702702702702703
0.40540540540540543
0.0
0.2972972972972973
0.21621621621621623
0.8648648648648649
0.918918918918919
0.9459459459459459
0.2972972972972973
0.2702702702702703
0.5945945945945946
0.8918918918918919
0.972972972972973
0.0
0.0
0.43243243243243246
0.05405405405405406
0.02702702702702703
0.24324324324324326
0.08108108108108109
0.05405405405405406
0.3783783783783784
0.43243243243243246
0.1891891891891892
0.0
0.0
0.40540540540540543
0.05405405405405406
0.40540540540540543
0.8918918918918919
0.0
0.13513513513513514
0.918918918918919
0.5675675675675675
0.2702702702702703
0.6756756756756757
0.0
0.2972972972972973
0.9459459459459459
0.6486486486486487
0.6486486486486487
0.24324324324324326
0.5405405405405406
0.8378378378378378
0.08108108108108109
0.5135135135135135
0.0
0.918918918918919
0.7027027027027027
0.16216216216216217
0.9459459459459459
0.35135135135135137
0.6216216216216216
0.02702702702702703
0.32432432432432434
0.6216216216216216
0.40540540540540543
0.2972972972972973
0.0
0.4864864864864865
0.5135135135135135
0.0
0.0
0.3783783783783784
0.918918918918919
0.2972972972972973
0.1891891891891892
0.918918918918919
0.0
0.5135135135135135
0.4864864864864865
0.05405405405405406
0.32432432432432434
0.918918918918919
0.40540540540540543
0.0
0.5945945945945946
0.2972972972972973
0.0
0.43243243243243246
0.43243243243243246
0.0
0.0
0.2702702702702703
0.40540540540540543
0.0
0.16216216216216217
0.32432432432432434
0.8648648648648649
0.0
0.3783783783783784
0.08108108108108109
0.0
0.918918918918919
0.4864864864864865
0.21621621621621623
0.2972972972972973
0.21621621621621623
0.0
0.2702702702702703
0.918918918918919
0.32432432432432434
0.35135135135135137
0.8918918918918919
0.02702702702702703
0.35135135135135137
0.32432432432432434
0.9459459459459459
0.24324324324324326
0.10810810810810811
0.05405405405405406
0.32432432432432434
0.8378378378378378
0.918918918918919
0.5135135135135135
0.4864864864864865
0.5675675675675675
0.7297297297297297
0.918918918918919
0.2972972972972973
0.2702702702702703
0.8918918918918919
0.35135135135135137
0.2702702702702703
0.0
0.0
0.16216216216216217
0.24324324324324326
0.32432432432432434
0.32432432432432434
0.08108108108108109
0.02702702702702703
0.2972972972972973
0.6756756756756757
0.6756756756756757
0.43243243243243246
0.08108108108108109
0.0
0.02702702702702703
0.8918918918918919
0.8378378378378378
0.0
0.32432432432432434
0.0
0.1891891891891892
0.13513513513513514
0.05405405405405406
0.35135135135135137
0.35135135135135137
0.10810810810810811
0.32432432432432434
0.2702702702702703
0.3783783783783784
0.02702702702702703
0.32432432432432434
0.8648648648648649
0.0
0.2702702702702703
0.0
0.8378378378378378
0.5945945945945946
0.40540540540540543
0.2702702702702703
0.8648648648648649
0.0
0.43243243243243246
0.40540540540540543
0.8648648648648649
0.2702702702702703
0.32432432432432434
0.7297297297297297
0.13513513513513514
0.0
0.02702702702702703
0.0
0.7837837837837838
0.02702702702702703
0.08108108108108109
0.1891891891891892
0.918918918918919
0.21621621621621623
0.2702702702702703
0.32432432432432434
0.05405405405405406
0.2702702702702703
0.5405405405405406
0.08108108108108109
0.8918918918918919
0.8378378378378378
0.8108108108108109
0.0
0.3783783783783784
0.32432432432432434
0.43243243243243246
0.21621621621621623
0.1891891891891892
0.9459459459459459
0.1891891891891892
0.32432432432432434
0.8648648648648649
0.918918918918919
0.7297297297297297
0.0
0.3783783783783784
0.10810810810810811
0.3783783783783784
0.13513513513513514
0.918918918918919
0.43243243243243246
0.05405405405405406
0.7567567567567568
0.0
0.40540540540540543
0.3783783783783784
0.40540540540540543
0.24324324324324326
0.10810810810810811
0.35135135135135137
0.16216216216216217
0.32432432432432434
0.05405405405405406
0.05405405405405406
0.40540540540540543
0.40540540540540543
0.0
0.08108108108108109
0.9459459459459459
0.02702702702702703
0.05405405405405406
0.2972972972972973
0.10810810810810811
0.0
0.21621621621621623
0.02702702702702703
0.0
0.05405405405405406
0.4594594594594595
0.6216216216216216
0.05405405405405406
0.3783783783783784
0.35135135135135137
0.0
0.0
0.7297297297297297
0.02702702702702703
0.9459459459459459
0.2972972972972973
0.6486486486486487
0.02702702702702703
0.05405405405405406
0.0
0.43243243243243246
0.0
0.05405405405405406
0.21621621621621623
0.4594594594594595
0.02702702702702703
0.0
0.3783783783783784
0.918918918918919
0.2972972972972973
0.5945945945945946
0.2972972972972973
0.21621621621621623
0.5135135135135135
0.6756756756756757
0.8378378378378378
0.35135135135135137
0.5945945945945946
0.5405405405405406
0.08108108108108109
0.9459459459459459
0.4594594594594595
0.13513513513513514
0.40540540540540543
0.0
0.08108108108108109
0.3783783783783784
0.8648648648648649
0.02702702702702703
0.0
0.6756756756756757
0.6216216216216216
0.32432432432432434
0.43243243243243246
0.40540540540540543
0.5675675675675675
0.40540540540540543
0.0
0.1891891891891892
0.3783783783783784
0.6216216216216216
0.10810810810810811
0.2702702702702703
0.08108108108108109
0.8918918918918919
0.0
0.40540540540540543
0.0
0.02702702702702703
0.2972972972972973
0.0
0.3783783783783784
0.2702702702702703
0.24324324324324326
0.02702702702702703
0.16216216216216217
0.0
0.2972972972972973
0.0
0.05405405405405406
0.24324324324324326
0.08108108108108109
0.13513513513513514
0.8378378378378378
0.13513513513513514
0.35135135135135137
0.0
0.0
0.05405405405405406
0.9459459459459459
0.4594594594594595
0.0
0.13513513513513514
0.5675675675675675
0.21621621621621623
0.05405405405405406
0.3783783783783784
0.0
0.1891891891891892
0.40540540540540543
0.8378378378378378
0.6486486486486487
0.4864864864864865
0.1891891891891892
0.40540540540540543
0.05405405405405406
0.5135135135135135
0.0
0.8108108108108109
0.0
0.43243243243243246
0.24324324324324326
0.24324324324324326
0.7567567567567568
0.3783783783783784
0.3783783783783784
0.0
0.35135135135135137
0.3783783783783784
0.35135135135135137
0.10810810810810811
0.3783783783783784
0.972972972972973
0.0
0.24324324324324326
0.0
0.0
0.24324324324324326
0.3783783783783784
0.0
0.05405405405405406
0.24324324324324326
0.05405405405405406
0.08108108108108109
0.1891891891891892
0.24324324324324326
0.8378378378378378
0.0
0.05405405405405406
0.2972972972972973
0.1891891891891892
0.2972972972972973
0.40540540540540543
0.918918918918919
0.8378378378378378
0.21621621621621623
0.8918918918918919
0.02702702702702703
0.02702702702702703
0.02702702702702703
0.2972972972972973
0.02702702702702703
0.10810810810810811
0.6486486486486487
0.13513513513513514
0.35135135135135137
0.2972972972972973
0.35135135135135137
0.3783783783783784
0.40540540540540543
0.16216216216216217
0.3783783783783784
0.2972972972972973
0.5675675675675675
0.16216216216216217
0.0
0.0
0.43243243243243246
0.02702702702702703
0.32432432432432434
0.24324324324324326
0.0
0.13513513513513514
0.918918918918919
0.3783783783783784
0.32432432432432434
0.5405405405405406
0.0
0.02702702702702703
0.02702702702702703
0.02702702702702703
0.10810810810810811
0.24324324324324326
0.02702702702702703
0.40540540540540543
0.0
0.918918918918919
0.35135135135135137
0.02702702702702703
0.35135135135135137
0.6216216216216216
0.02702702702702703
0.05405405405405406
0.0
0.40540540540540543
0.0
0.0
0.8918918918918919
0.02702702702702703
0.21621621621621623
0.32432432432432434
0.8108108108108109
0.40540540540540543
0.2702702702702703
0.918918918918919
0.8378378378378378
0.35135135135135137
0.1891891891891892
0.5135135135135135
0.9459459459459459
0.3783783783783784
0.4864864864864865
0.32432432432432434
0.32432432432432434
0.5675675675675675
0.5135135135135135
0.02702702702702703
0.16216216216216217
0.02702702702702703
0.6756756756756757
0.24324324324324326
0.2972972972972973
0.2972972972972973
0.02702702702702703
0.0
0.3783783783783784
0.8378378378378378
0.2702702702702703
0.13513513513513514
0.1891891891891892
0.0
0.2972972972972973
0.35135135135135137
0.0
0.5675675675675675
0.08108108108108109
0.7027027027027027
0.2972972972972973
0.10810810810810811
0.02702702702702703
0.4864864864864865
0.4864864864864865
0.32432432432432434
0.05405405405405406
0.0
0.43243243243243246
0.43243243243243246
0.2972972972972973
0.05405405405405406
0.05405405405405406
0.2702702702702703
0.2972972972972973
0.13513513513513514
0.08108108108108109
0.3783783783783784
0.08108108108108109
0.4864864864864865
0.05405405405405406
0.2972972972972973
0.0
0.5945945945945946
0.21621621621621623
0.05405405405405406
0.10810810810810811
0.0
0.2702702702702703
0.5945945945945946
0.24324324324324326
0.40540540540540543
0.32432432432432434
0.0
0.6756756756756757
0.7027027027027027
0.9459459459459459
0.02702702702702703
0.08108108108108109
0.5675675675675675
0.08108108108108109
0.05405405405405406
0.32432432432432434
0.21621621621621623
0.8918918918918919
0.9459459459459459
0.05405405405405406
0.32432432432432434
0.7837837837837838
0.43243243243243246
0.0
0.6486486486486487
0.4864864864864865
0.0
0.35135135135135137
0.43243243243243246
0.0
0.0
0.08108108108108109
0.2972972972972973
0.2702702702702703
0.0
0.05405405405405406
0.02702702702702703
0.3783783783783784
0.08108108108108109